<?xml version="1.0"?>
<opencv_storage>
<left_camera_matrix type_id="opencv-matrix">
  <rows>3</rows>
  <cols>3</cols>
  <dt>d</dt>
  <data>
    9.8868957423374047e+02 0. 6.5194243138419813e+02 0.
    9.8868957423374047e+02 3.6276929331159135e+02 0. 0. 1.</data></left_camera_matrix>
<right_camera_matrix type_id="opencv-matrix">
  <rows>3</rows>
  <cols>3</cols>
  <dt>d</dt>
  <data>
    9.8868957423374047e+02 0. 6.5207520507259471e+02 0.
    9.8868957423374047e+02 3.6830144543457277e+02 0. 0. 1.</data></right_camera_matrix>
<left_coefficients_vector type_id="opencv-matrix">
  <rows>1</rows>
  <cols>5</cols>
  <dt>d</dt>
  <data>
    -7.8337255546336634e-03 -3.6250278152724066e-02 0. 0.
    -1.4037484127534909e-03</data></left_coefficients_vector>
<right_coefficients_vector type_id="opencv-matrix">
  <rows>1</rows>
  <cols>5</cols>
  <dt>d</dt>
  <data>
    1.0757415295972704e-01 -6.8757086591584737e-01 0. 0.
    1.0472898702196822e+00</data></right_coefficients_vector>
<stereo_rotation_matrix type_id="opencv-matrix">
  <rows>3</rows>
  <cols>3</cols>
  <dt>d</dt>
  <data>
    9.9992294643526136e-01 -9.7404947240549455e-04
    -1.2375476550449098e-02 9.6824311197741186e-04
    9.9999941836130568e-01 -4.7516557787157475e-04
    1.2375932187173507e-02 4.6314649474254728e-04 9.9992330795807682e-01</data></stereo_rotation_matrix>
<stereo_translation_vector type_id="opencv-matrix">
  <rows>3</rows>
  <cols>1</cols>
  <dt>d</dt>
  <data>
    3.7545958938341681e+02 6.5265275983636215e+00 1.1676731251139181e+01</data></stereo_translation_vector>
<stereo_essential_matrix type_id="opencv-matrix">
  <rows>3</rows>
  <cols>3</cols>
  <dt>d</dt>
  <data>
    6.9465948370737648e-02 -1.1673701721120439e+01
    6.5315754463880333e+00 7.0291691001386090e+00
    -1.8526650665499850e-01 -3.7557529973463170e+02
    -6.1624885449004418e+00 3.7546572816235528e+02
    -9.7636583507387548e-02</data></stereo_essential_matrix>
<stereo_fundamental_matrix type_id="opencv-matrix">
  <rows>3</rows>
  <cols>3</cols>
  <dt>d</dt>
  <data>
    1.0060923309554828e-07 -1.6907307898251585e-05
    1.5420706454564599e-02 1.0180517635627307e-05
    -2.6832601569580730e-07 -5.4434230770696113e-01
    -1.2639438373052073e-02 5.4876929757078041e-01 1.</data></stereo_fundamental_matrix>
</opencv_storage>
