<?xml version="1.0"?>
<opencv_storage>
<left_camera_matrix type_id="opencv-matrix">
  <rows>3</rows>
  <cols>3</cols>
  <dt>d</dt>
  <data>
    9.5687798354556458e+02 0. 6.4541362959000969e+02 0.
    9.5687798354556458e+02 3.6332029739475342e+02 0. 0. 1.</data></left_camera_matrix>
<right_camera_matrix type_id="opencv-matrix">
  <rows>3</rows>
  <cols>3</cols>
  <dt>d</dt>
  <data>
    9.5687798354556458e+02 0. 6.4809356513640751e+02 0.
    9.5687798354556458e+02 3.6849359297252875e+02 0. 0. 1.</data></right_camera_matrix>
<left_coefficients_vector type_id="opencv-matrix">
  <rows>1</rows>
  <cols>5</cols>
  <dt>d</dt>
  <data>
    -3.3453331956711477e-02 2.4227417417461683e-01 0. 0.
    -5.1042467537573721e-01</data></left_coefficients_vector>
<right_coefficients_vector type_id="opencv-matrix">
  <rows>1</rows>
  <cols>5</cols>
  <dt>d</dt>
  <data>
    9.7831937183061088e-02 -6.4223035787298577e-01 0. 0.
    8.8793819088164760e-01</data></right_coefficients_vector>
<stereo_rotation_matrix type_id="opencv-matrix">
  <rows>3</rows>
  <cols>3</cols>
  <dt>d</dt>
  <data>
    9.9997095891138377e-01 1.5585855530846201e-04
    -7.6195171735701974e-03 -1.6040922295718643e-04
    9.9999980915024245e-01 -5.9663084054763747e-04
    7.6194227293663319e-03 5.9783575456764698e-04 9.9997079306831849e-01</data></stereo_rotation_matrix>
<stereo_translation_vector type_id="opencv-matrix">
  <rows>3</rows>
  <cols>1</cols>
  <dt>d</dt>
  <data>
    3.7117670603014761e+02 6.4728464761060041e+00 8.2344938946349817e+00</data></stereo_translation_vector>
<stereo_essential_matrix type_id="opencv-matrix">
  <rows>3</rows>
  <cols>3</cols>
  <dt>d</dt>
  <data>
    5.0640242330824946e-02 -8.2306226240265747e+00
    6.4775703771350317e+00 5.4061025254306454e+00
    -2.2061928980535284e-01 -3.7122860796509866e+02
    -6.5321986645919958e+00 3.7117562634266278e+02
    -1.7213550522389728e-01</data></stereo_essential_matrix>
<stereo_fundamental_matrix type_id="opencv-matrix">
  <rows>3</rows>
  <cols>3</cols>
  <dt>d</dt>
  <data>
    4.8002440252928693e-08 -7.8018973166276825e-06
    8.6789900427200351e-03 5.1245037846161512e-06
    -2.0912744074841573e-07 -3.3994882898756473e-01
    -7.8443904782461594e-03 3.4180275002062893e-01 1.</data></stereo_fundamental_matrix>
</opencv_storage>
